---
image_width: 320
image_height: 240
camera_name: narrow_stereo
camera_matrix:
  rows: 3
  cols: 3
  data: [151.64427,   0.     , 160.06642,
           0.     , 150.63725, 106.12527,
           0.     ,   0.     ,   1.     ]
distortion_model: plumb_bob
distortion_coefficients:
  rows: 1
  cols: 5
  data: [-0.296536, 0.072489, 0.002265, -0.000466, 0.000000]
rectification_matrix:
  rows: 3
  cols: 3
  data: [1., 0., 0.,
         0., 1., 0.,
         0., 0., 1.]
projection_matrix:
  rows: 3
  cols: 4
  data: [109.76025,   0.     , 159.20972,   0.     ,
           0.     , 115.00438,  99.68621,   0.     ,
           0.     ,   0.     ,   1.     ,   0.     ]

